
power = 2743.65451183547
throughput = 3210.63
composite = 2967.97228513581
